,participant_1,participant_2,participant_3,participant_4,participant_5,participant_6,participant_7,participant_8,participant_9
2017-02-27 09:00:00,3.454447436,0,11.392044576,0,0.383044576,0.0,0,0.0,0.0
2017-02-27 09:30:00,3.301356796,0,15.397737864,0,0.0,0.0,0,0.0,0.0
2017-02-27 10:00:00,6.113414472,0,12.243359648,0,0.0,0.0,0,0.0,0.0
2017-02-27 10:30:00,5.27952401067,0,8.76138109867,0,0.0,0.0,0,0.0,0.0
2017-02-27 11:00:00,0.0,0,9.49315511467,0,0.0,0.0,0,0.0,0.0
2017-02-27 11:30:00,4.563096528,0,10.116888384,0,0.0,0.0,0,0.0,0.0
2017-02-27 12:00:00,5.595303176,0,13.241868784,0,0.0,0.0,0,0.0,0.0
2017-02-27 12:30:00,3.7863404136,0,12.7915171776,0,0.2905171776,0.0,0,0.0,0.0
2017-02-27 13:00:00,4.21318660267,0,12.5311780587,0,1.34017805867,0.0,0,0.0,0.0
2017-02-27 13:30:00,3.45230233333,0,11.8816013333,0,0.908601333333,0.0,0,0.0,0.0
