,participant_1,participant_2,participant_3,participant_4,participant_5,participant_6,participant_7,participant_8,participant_9
2017-02-27 09:00:00,0.0,0.083306476,0.0,0.10356619,0.0,0.0,0.19896619,0.060606476,0.0
2017-02-27 09:30:00,0.0,0.1042920712,0.0,0.154330178,0.0,0.0098920712,0.267630178,0.0923920712,0.0
2017-02-27 10:00:00,0.0,0.1124296784,0.0,0.169824196,0.0,0.0307296784,0.279424196,0.0049296784,0.0
2017-02-27 10:30:00,0.0,0.1308571392,0.0,0.224042848,0.0,0.0427571392,0.328142848,0.1258571392,0.0075571392
2017-02-27 11:00:00,0.0,0.1422127888,0.0,0.228281972,0.0,0.0685127888,0.363281972,0.1423127888,0.0171127888
2017-02-27 11:30:00,0.0,0.1548527904,0.0,0.272031976,0.0,0.0674527904,0.381631976,0.1353527904,0.0298527904
2017-02-27 12:00:00,0.0,0.1150377072,0.0,0.161094268,0.0,0.0394377072,0.267594268,0.0575377072,0.0
2017-02-27 12:30:00,0.0,0.0929451176,0.0,0.120662794,0.0,0.0,0.206462794,0.0024451176,0.0
2017-02-27 13:00:00,0.0,0.0862994304,0.0,0.099598576,0.0,0.0,0.196198576,0.0,0.0
2017-02-27 13:30:00,0.0,0.0895866,0.0,0.1082165,0.0,0.0,0.2075165,0.0,0.0
