,participant_1,participant_2,participant_3,participant_4,participant_5,participant_6,participant_7,participant_8,participant_9
2017-02-27 09:00:00,0.892890664,0,0.892890664,0,0.892890664,0.01993524,0,0.0,0.39693524
2017-02-27 09:30:00,1.571341424,0,1.571341424,0,1.518079288,0.0,0,0.0,0.194079288
2017-02-27 10:00:00,1.493343568,0,1.493343568,0,1.128703216,0.0,0,0.0,0.139703216
2017-02-27 10:30:00,2.86404750933,0,2.86404750933,0,0.885428608,0.0,0,0.0,0.0
2017-02-27 11:00:00,1.42218028,0,3.20571699733,0,1.446872112,0.0,0,0.0,0.0
2017-02-27 11:30:00,3.470583712,0,3.470583712,0,0.833472096,0.0,0,0.0,0.0
2017-02-27 12:00:00,1.601754144,0,1.601754144,0,0.879622928,0.0,0,0.0,0.073622928
2017-02-27 12:30:00,0.8450316464,0,0.8450316464,0,0.8450316464,0.189548824,0,0.0,0.319548824
2017-02-27 13:00:00,0.636827637333,0,0.636827637333,0,0.636827637333,0.016005696,0,0.094005696,0.388005696
2017-02-27 13:30:00,0.675532666667,0,0.675532666667,0,0.675532666667,0.032134,0,0.044134,0.324134
