,participant_1,participant_2,participant_3,participant_4,participant_5,participant_6,participant_7,participant_8,participant_9
2017-02-27 09:00:00,0,0.83306476,0,1.0356619,0,0.0,1.9896619,0.60606476,0.0
2017-02-27 09:30:00,0,1.042920712,0,1.54330178,0,0.098920712,2.67630178,0.923920712,0.0
2017-02-27 10:00:00,0,1.124296784,0,1.69824196,0,0.307296784,2.79424196,0.049296784,0.0
2017-02-27 10:30:00,0,1.308571392,0,2.24042848,0,0.427571392,3.28142848,1.258571392,0.075571392
2017-02-27 11:00:00,0,1.422127888,0,2.28281972,0,0.685127888,3.63281972,1.423127888,0.171127888
2017-02-27 11:30:00,0,1.548527904,0,2.72031976,0,0.674527904,3.81631976,1.353527904,0.298527904
2017-02-27 12:00:00,0,1.150377072,0,1.61094268,0,0.394377072,2.67594268,0.575377072,0.0
2017-02-27 12:30:00,0,0.929451176,0,1.20662794,0,0.0,2.06462794,0.024451176,0.0
2017-02-27 13:00:00,0,0.862994304,0,0.99598576,0,0.0,1.96198576,0.0,0.0
2017-02-27 13:30:00,0,0.895866,0,1.082165,0,0.0,2.075165,0.0,0.0
