,participant_1,participant_2,participant_3,participant_4,participant_5,participant_6,participant_7,participant_8,participant_9
2017-02-27 09:00:00,0.0892890664,0.0,0.0892890664,0.0,0.0892890664,0.001993524,0.0,0.0,0.039693524
2017-02-27 09:30:00,0.1571341424,0.0,0.1571341424,0.0,0.1518079288,0.0,0.0,0.0,0.0194079288
2017-02-27 10:00:00,0.1493343568,0.0,0.1493343568,0.0,0.1128703216,0.0,0.0,0.0,0.0139703216
2017-02-27 10:30:00,0.286404750933,0.0,0.286404750933,0.0,0.0885428608,0.0,0.0,0.0,0.0
2017-02-27 11:00:00,0.142218028,0.0,0.320571699733,0.0,0.1446872112,0.0,0.0,0.0,0.0
2017-02-27 11:30:00,0.3470583712,0.0,0.3470583712,0.0,0.0833472096,0.0,0.0,0.0,0.0
2017-02-27 12:00:00,0.1601754144,0.0,0.1601754144,0.0,0.0879622928,0.0,0.0,0.0,0.0073622928
2017-02-27 12:30:00,0.08450316464,0.0,0.08450316464,0.0,0.08450316464,0.0189548824,0.0,0.0,0.0319548824
2017-02-27 13:00:00,0.0636827637333,0.0,0.0636827637333,0.0,0.0636827637333,0.0016005696,0.0,0.0094005696,0.0388005696
2017-02-27 13:30:00,0.0675532666667,0.0,0.0675532666667,0.0,0.0675532666667,0.0032134,0.0,0.0044134,0.0324134
