,net_participant_export,central_battery_export,unallocated_local_solar,unallocated_central_battery_load,gross_participant_grid_import,gross_participant_local_solar_import,gross_participant_central_battery_import,net_network_export
2017-02-27 09:00:00,-13.86062574,0,1.368910848,0,13.86062574,3.095542472,0,-13.86062574
2017-02-27 09:30:00,-17.268570388,0,1.430524272,0,17.268570388,4.854841424,0,-17.268570388
2017-02-27 10:00:00,-16.638493416,0,1.718280704,0,16.638493416,4.255093568,0,-16.638493416
2017-02-27 10:30:00,-12.062286208,0,1.97861890133,0,12.062286208,6.61352362667,0,-12.062286208
2017-02-27 11:00:00,-5.950773512,0,3.54238160267,0,5.950773512,6.07476938933,0,-5.950773512
2017-02-27 11:30:00,-12.042873296,0,2.637111616,0,12.042873296,7.77463952,0,-12.042873296
2017-02-27 12:00:00,-16.586909528,0,2.250262432,0,16.586909528,4.156754144,0,-16.586909528
2017-02-27 12:30:00,-15.687409124,0,1.1809656448,0,15.687409124,3.0441925872,0,-15.687409124
2017-02-27 13:00:00,-16.672076896,0,1.412465824,0,16.672076896,2.4085,0,-16.672076896
2017-02-27 13:30:00,-14.616309,0,1.626196,0,14.616309,2.427,0,-14.616309
