,participant_1,participant_2,participant_3,participant_4,participant_5,participant_6,participant_7,participant_8,participant_9
2017-02-27 09:00:00,-4.3473381,0.83306476,-12.28493524,1.0356619,-1.27593524,-0.01993524,1.9896619,0.60606476,-0.39693524
2017-02-27 09:30:00,-4.87269822,1.042920712,-16.969079288,1.54330178,-1.518079288,0.098920712,2.67630178,0.923920712,-0.194079288
2017-02-27 10:00:00,-7.60675804,1.124296784,-13.736703216,1.69824196,-1.128703216,0.307296784,2.79424196,0.049296784,-0.139703216
2017-02-27 10:30:00,-8.14357152,1.308571392,-11.625428608,2.24042848,-0.885428608,0.427571392,3.28142848,1.258571392,0.075571392
2017-02-27 11:00:00,-1.42218028,1.422127888,-12.698872112,2.28281972,-1.446872112,0.685127888,3.63281972,1.423127888,0.171127888
2017-02-27 11:30:00,-8.03368024,1.548527904,-13.587472096,2.72031976,-0.833472096,0.674527904,3.81631976,1.353527904,0.298527904
2017-02-27 12:00:00,-7.19705732,1.150377072,-14.843622928,1.61094268,-0.879622928,0.394377072,2.67594268,0.575377072,-0.073622928
2017-02-27 12:30:00,-4.63137206,0.929451176,-13.636548824,1.20662794,-1.135548824,-0.189548824,2.06462794,0.024451176,-0.319548824
2017-02-27 13:00:00,-4.85001424,0.862994304,-13.168005696,0.99598576,-1.977005696,-0.016005696,1.96198576,-0.094005696,-0.388005696
2017-02-27 13:30:00,-4.127835,0.895866,-12.557134,1.082165,-1.584134,-0.032134,2.075165,-0.044134,-0.324134
