,participant_1,participant_2,participant_3,participant_4,participant_5,participant_6,participant_7,participant_8,participant_9
2017-02-27 09:00:00,0,0,0,0,0,0,0,0,0
2017-02-27 09:30:00,0,0,0,0,0,0,0,0,0
2017-02-27 10:00:00,0,0,0,0,0,0,0,0,0
2017-02-27 10:30:00,0,0,0,0,0,0,0,0,0
2017-02-27 11:00:00,0,0,0,0,0,0,0,0,0
2017-02-27 11:30:00,0,0,0,0,0,0,0,0,0
2017-02-27 12:00:00,0,0,0,0,0,0,0,0,0
2017-02-27 12:30:00,0,0,0,0,0,0,0,0,0
2017-02-27 13:00:00,0,0,0,0,0,0,0,0,0
2017-02-27 13:30:00,0,0,0,0,0,0,0,0,0
