,participant_1,participant_2,participant_3,participant_4,participant_5,participant_6,participant_7,participant_8,participant_9
2017-02-27 09:00:00,1.00178975644,0.0,3.30369292704,0.0,0.11108292704,0.0,0.0,0.0,0.0
2017-02-27 09:30:00,0.95739347084,0.0,4.46534398056,0.0,0.0,0.0,0.0,0.0,0.0
2017-02-27 10:00:00,1.77289019688,0.0,3.55057429792,0.0,0.0,0.0,0.0,0.0,0.0
2017-02-27 10:30:00,1.53106196309,0.0,2.54080051861,0.0,0.0,0.0,0.0,0.0,0.0
2017-02-27 11:00:00,0.0,0.0,2.75301498325,0.0,0.0,0.0,0.0,0.0,0.0
2017-02-27 11:30:00,1.32329799312,0.0,2.93389763136,0.0,0.0,0.0,0.0,0.0,0.0
2017-02-27 12:00:00,1.62263792104,0.0,3.84014194736,0.0,0.0,0.0,0.0,0.0,0.0
2017-02-27 12:30:00,1.09803871994,0.0,3.7095399815,0.0,0.084249981504,0.0,0.0,0.0,0.0
2017-02-27 13:00:00,1.22182411477,0.0,3.63404163701,0.0,0.388651637013,0.0,0.0,0.0,0.0
2017-02-27 13:30:00,1.00116767667,0.0,3.44566438667,0.0,0.263494386667,0.0,0.0,0.0,0.0
