,participant_1,participant_2,participant_3,participant_4,participant_5,participant_6,participant_7,participant_8,participant_9
2017-02-27 09:00:00,0.409448745694,0.0,0.403768235907,0.0,0.0135762489072,0.0,0.0,0.0,0.0
2017-02-27 09:30:00,0.391303218316,0.0,192.127476075,0.0,0.0,0.0,0.0,0.0,0.0
2017-02-27 10:00:00,0.724610790537,0.0,0.433941396004,0.0,0.0,0.0,0.0,0.0,0.0
2017-02-27 10:30:00,0.625771421936,0.0,0.31052963028,0.0,0.0,0.0,0.0,0.0,0.0
2017-02-27 11:00:00,0.0,0.0,0.336465896729,0.0,0.0,0.0,0.0,0.0,0.0
2017-02-27 11:30:00,0.540854705271,0.0,0.358572874994,0.0,0.0,0.0,0.0,0.0,0.0
2017-02-27 12:00:00,0.663200094845,0.0,0.469331555311,0.0,0.0,0.0,0.0,0.0,0.0
2017-02-27 12:30:00,0.448787356543,0.0,0.453369743326,0.0,0.0102968003257,0.0,0.0,0.0,0.0
2017-02-27 13:00:00,0.499380581641,0.0,0.444142543933,0.0,16.7222633725,0.0,0.0,0.0,0.0
2017-02-27 13:30:00,0.409194490965,0.0,0.421119596057,0.0,0.0322035570573,0.0,0.0,0.0,0.0
