,participant_1,participant_2,participant_3,participant_4,participant_5,participant_6,participant_7,participant_8,participant_9
2017-02-27 09:00:00,1.22753715617,0.0531518573333,3.52944032677,0.0328921433333,0.336830326773,0.138451857333,-0.0625078566667,0.0758518573333,0.176151857333
2017-02-27 09:30:00,1.25098594657,0.0321662621333,4.75893645629,-0.0178718446667,0.288266262133,0.126566262133,-0.131171844667,0.0440662621333,0.155866262133
2017-02-27 10:00:00,2.05868288701,0.0240286549333,3.83636698805,-0.0333658626667,0.249328654933,0.105728654933,-0.142965862667,0.131528654933,0.150428654933
2017-02-27 10:30:00,1.95392504736,0.00560119413333,2.96366360288,-0.0875845146667,0.225001194133,0.0937011941333,-0.191684514667,0.0106011941333,0.128901194133
2017-02-27 11:00:00,0.278676361333,-0.00575445546667,3.21004501632,-0.0918236386667,0.281145544533,0.0679455445333,-0.226823638667,-0.00585445546667,0.119345544533
2017-02-27 11:30:00,1.80681469765,-0.0183944570667,3.41741433589,-0.135573642667,0.219805542933,0.0690055429333,-0.245173642667,0.00110554293333,0.106605542933
2017-02-27 12:00:00,1.91927166877,0.0214206261333,4.13677569509,-0.0246359346667,0.224420626133,0.0970206261333,-0.131135934667,0.0789206261333,0.143820626133
2017-02-27 12:30:00,1.31900021792,0.0435132157333,3.93050147948,0.0157955393333,0.305211479477,0.155413215733,-0.0700044606667,0.134013215733,0.168413215733
2017-02-27 13:00:00,1.42196521184,0.0501589029333,3.83418273408,0.0368597573333,0.58879273408,0.138058902933,-0.0597402426667,0.145858902933,0.175258902933
2017-02-27 13:30:00,1.20517927667,0.0468717333333,3.64967598667,0.0282418333333,0.467505986667,0.139671733333,-0.0710581666667,0.140871733333,0.168871733333
